11000010111111000000000000000000 
11000010111110100000000000000000 
11000010111110000000000000000000 
11000010111101100000000000000000 
11000010111101000000000000000000 
11000010111100100000000000000000 
11000010111100000000000000000000 
11000010111011100000000000000000 
11000010111011000000000000000000 
11000010111010100000000000000000 
11000010111010000000000000000000 
11000010111001100000000000000000 
11000010111001000000000000000000 
11000010111000100000000000000000 
11000010111000000000000000000000 
11000010110111100000000000000000 
11000010110111000000000000000000 
11000010110110100000000000000000 
11000010110110000000000000000000 
11000010110101100000000000000000 
11000010110101000000000000000000 
11000010110100100000000000000000 
11000010110100000000000000000000 
11000010110011100000000000000000 
11000010110011000000000000000000 
11000010110010100000000000000000 
11000010110010000000000000000000 
11000010110001100000000000000000 
11000010110001000000000000000000 
11000010110000100000000000000000 
11000010110000000000000000000000 
11000010101111100000000000000000 
11000010101111000000000000000000 
11000010101110100000000000000000 
11000010101110000000000000000000 
11000010101101100000000000000000 
11000010101101000000000000000000 
11000010101100100000000000000000 
11000010101100000000000000000000 
11000010101011100000000000000000 
11000010101011000000000000000000 
11000010101010100000000000000000 
11000010101010000000000000000000 
11000010101001100000000000000000 
11000010101001000000000000000000 
11000010101000100000000000000000 
11000010101000000000000000000000 
11000010100111100000000000000000 
11000010100111000000000000000000 
11000010100110100000000000000000 
11000010100110000000000000000000 
11000010100101100000000000000000 
11000010100101000000000000000000 
11000010100100100000000000000000 
11000010100100000000000000000000 
11000010100011100000000000000000 
11000010100011000000000000000000 
11000010100010100000000000000000 
11000010100010000000000000000000 
11000010100001100000000000000000 
11000010100001000000000000000000 
11000010100000100000000000000000 
11000010100000000000000000000000 
11000010011111000000000000000000 
11000010011110000000000000000000 
11000010011101000000000000000000 
11000010011100000000000000000000 
11000010011011000000000000000000 
11000010011010000000000000000000 
11000010011001000000000000000000 
11000010011000000000000000000000 
11000010010111000000000000000000 
11000010010110000000000000000000 
11000010010101000000000000000000 
11000010010100000000000000000000 
11000010010011000000000000000000 
11000010010010000000000000000000 
11000010010001000000000000000000 
11000010010000000000000000000000 
11000010001111000000000000000000 
11000010001110000000000000000000 
11000010001101000000000000000000 
11000010001100000000000000000000 
11000010001011000000000000000000 
11000010001010000000000000000000 
11000010001001000000000000000000 
11000010001000000000000000000000 
11000010000111000000000000000000 
11000010000110000000000000000000 
11000010000101000000000000000000 
11000010000100000000000000000000 
11000010000011000000000000000000 
11000010000010000000000000000000 
11000010000001000000000000000000 
11000010000000000000000000000000 
11000001111110000000000000000000 
11000001111100000000000000000000 
11000001111010000000000000000000 
11000001111000000000000000000000 
11000001110110000000000000000000 
11000001110100000000000000000000 
11000001110010000000000000000000 
11000001110000000000000000000000 
11000001101110000000000000000000 
11000001101100000000000000000000 
11000001101010000000000000000000 
11000001101000000000000000000000 
11000001100110000000000000000000 
11000001100100000000000000000000 
11000001100010000000000000000000 
11000001100000000000000000000000 
11000001011100000000000000000000 
11000001011000000000000000000000 
11000001010100000000000000000000 
11000001010000000000000000000000 
11000001001100000000000000000000 
11000001001000000000000000000000 
11000001000100000000000000000000 
11000001000000000000000000000000 
11000000111000000000000000000000 
11000000110000000000000000000000 
11000000101000000000000000000000 
11000000100000000000000000000000 
11000000010000000000000000000000 
11000000000000000000000000000000 
10111111100000000000000000000000 
00000000000000000000000000000000 
00111111100000000000000000000000 
01000000000000000000000000000000 
01000000010000000000000000000000 
01000000100000000000000000000000 
01000000101000000000000000000000 
01000000110000000000000000000000 
01000000111000000000000000000000 
01000001000000000000000000000000 
01000001000100000000000000000000 
01000001001000000000000000000000 
01000001001100000000000000000000 
01000001010000000000000000000000 
01000001010100000000000000000000 
01000001011000000000000000000000 
01000001011100000000000000000000 
01000001100000000000000000000000 
01000001100010000000000000000000 
01000001100100000000000000000000 
01000001100110000000000000000000 
01000001101000000000000000000000 
01000001101010000000000000000000 
01000001101100000000000000000000 
01000001101110000000000000000000 
01000001110000000000000000000000 
01000001110010000000000000000000 
01000001110100000000000000000000 
01000001110110000000000000000000 
01000001111000000000000000000000 
01000001111010000000000000000000 
01000001111100000000000000000000 
01000001111110000000000000000000 
01000010000000000000000000000000 
01000010000001000000000000000000 
01000010000010000000000000000000 
01000010000011000000000000000000 
01000010000100000000000000000000 
01000010000101000000000000000000 
01000010000110000000000000000000 
01000010000111000000000000000000 
01000010001000000000000000000000 
01000010001001000000000000000000 
01000010001010000000000000000000 
01000010001011000000000000000000 
01000010001100000000000000000000 
01000010001101000000000000000000 
01000010001110000000000000000000 
01000010001111000000000000000000 
01000010010000000000000000000000 
01000010010001000000000000000000 
01000010010010000000000000000000 
01000010010011000000000000000000 
01000010010100000000000000000000 
01000010010101000000000000000000 
01000010010110000000000000000000 
01000010010111000000000000000000 
01000010011000000000000000000000 
01000010011001000000000000000000 
01000010011010000000000000000000 
01000010011011000000000000000000 
01000010011100000000000000000000 
01000010011101000000000000000000 
01000010011110000000000000000000 
01000010011111000000000000000000 
01000010100000000000000000000000 
01000010100000100000000000000000 
01000010100001000000000000000000 
01000010100001100000000000000000 
01000010100010000000000000000000 
01000010100010100000000000000000 
01000010100011000000000000000000 
01000010100011100000000000000000 
01000010100100000000000000000000 
01000010100100100000000000000000 
01000010100101000000000000000000 
01000010100101100000000000000000 
01000010100110000000000000000000 
01000010100110100000000000000000 
01000010100111000000000000000000 
01000010100111100000000000000000 
01000010101000000000000000000000 
01000010101000100000000000000000 
01000010101001000000000000000000 
01000010101001100000000000000000 
01000010101010000000000000000000 
01000010101010100000000000000000 
01000010101011000000000000000000 
01000010101011100000000000000000 
01000010101100000000000000000000 
01000010101100100000000000000000 
01000010101101000000000000000000 
01000010101101100000000000000000 
01000010101110000000000000000000 
01000010101110100000000000000000 
01000010101111000000000000000000 
01000010101111100000000000000000 
01000010110000000000000000000000 
01000010110000100000000000000000 
01000010110001000000000000000000 
01000010110001100000000000000000 
01000010110010000000000000000000 
01000010110010100000000000000000 
01000010110011000000000000000000 
01000010110011100000000000000000 
01000010110100000000000000000000 
01000010110100100000000000000000 
01000010110101000000000000000000 
01000010110101100000000000000000 
01000010110110000000000000000000 
01000010110110100000000000000000 
01000010110111000000000000000000 
01000010110111100000000000000000 
01000010111000000000000000000000 
01000010111000100000000000000000 
01000010111001000000000000000000 
01000010111001100000000000000000 
01000010111010000000000000000000 
01000010111010100000000000000000 
01000010111011000000000000000000 
01000010111011100000000000000000 
01000010111100000000000000000000 
01000010111100100000000000000000 
01000010111101000000000000000000 
01000010111101100000000000000000 
01000010111110000000000000000000 
01000010111110100000000000000000 
01000010111111000000000000000000 
01000010111111100000000000000000 